,FAD,MFAD,APWD,H,Hbc,J,G,N
FAD,1.0,0.9267783321401712,0.20992968858308061,0.19555068711205953,0.1547211903111609,0.021966771826854935,0.1343709979293137,0.9221133768126238
MFAD,0.9267783321401712,1.0,0.34771268733572985,0.3425261464427607,0.27799448543742883,0.09452347806435979,0.2615950282035488,0.997994109521484
APWD,0.20992968858308061,0.34771268733572985,1.0,0.5925449352496822,0.5535786378152794,0.5064235956848213,0.5768366804003792,0.33425043166761315
H,0.19555068711205953,0.3425261464427607,0.5925449352496822,1.0,0.9697196775027013,0.8561241158315845,0.9822186671979986,0.3253207604033592
Hbc,0.1547211903111609,0.27799448543742883,0.5535786378152794,0.9697196775027013,1.0,0.8531641942591093,0.9543018242590868,0.2610356264371582
J,0.021966771826854935,0.09452347806435979,0.5064235956848213,0.8561241158315845,0.8531641942591093,1.0,0.9245287400208629,0.0805336917616232
G,0.1343709979293137,0.2615950282035488,0.5768366804003792,0.9822186671979986,0.9543018242590868,0.9245287400208629,1.0,0.2440044083578867
N,0.9221133768126238,0.997994109521484,0.33425043166761315,0.3253207604033592,0.2610356264371582,0.0805336917616232,0.2440044083578867,1.0
