,FAD,MFAD,APWD,shannon,bc_shannon,pielou,simpson,N
FAD,1.0,0.9286386127684936,0.19514264873078196,0.23055680101382897,0.19177391649363978,0.06737344304188948,0.1673753128980144,0.9222296973962568
MFAD,0.9286386127684936,1.0,0.33795407847629216,0.3851500305482822,0.3252471293271708,0.16410463978478868,0.3007201560787554,0.9980620368654508
APWD,0.19514264873078196,0.33795407847629216,1.0,0.6138670764849982,0.5959347066534973,0.5899186946332949,0.6022881364203009,0.3380583369811842
shannon,0.23055680101382897,0.3851500305482822,0.6138670764849982,1.0,0.9679305401925351,0.8788676600668011,0.9094342214103192,0.3734999257241792
bc_shannon,0.19177391649363978,0.3252471293271708,0.5959347066534973,0.9679305401925351,1.0,0.8706470424282502,0.8679893372527077,0.3136341082005874
pielou,0.06737344304188948,0.16410463978478868,0.5899186946332949,0.8788676600668011,0.8706470424282502,1.0,0.8599794678824385,0.1560044365247846
simpson,0.1673753128980144,0.3007201560787554,0.6022881364203009,0.9094342214103192,0.8679893372527077,0.8599794678824385,1.0,0.2915479176372262
N,0.9222296973962568,0.9980620368654508,0.3380583369811842,0.3734999257241792,0.3136341082005874,0.1560044365247846,0.2915479176372262,1.0
