,FAD,MFAD,APWD,H,Hbc,J,G,N
FAD,1.0,0.9299098954540795,0.19095093569660732,0.22202065047661665,0.18021760120763541,0.05173062513499899,0.16025685673688744,0.9232004478993682
MFAD,0.9299098954540795,1.0,0.3317078626664774,0.3785296274894487,0.3159397118928989,0.14457538062827957,0.3001851236760238,0.9977502957763784
APWD,0.19095093569660732,0.3317078626664774,1.0,0.5903007413548373,0.5978512649237323,0.5428402315292244,0.5783688604149805,0.32996446055545103
H,0.22202065047661665,0.3785296274894487,0.5903007413548373,1.0,0.9639236854670657,0.8712498212457891,0.983989494019338,0.3648993544669847
Hbc,0.18021760120763541,0.3159397118928989,0.5978512649237323,0.9639236854670657,1.0,0.85488097551708,0.9480415957839947,0.3029189424580303
J,0.05173062513499899,0.14457538062827957,0.5428402315292244,0.8712498212457891,0.85488097551708,1.0,0.9331216750518799,0.1347292527820197
G,0.16025685673688744,0.3001851236760238,0.5783688604149805,0.983989494019338,0.9480415957839947,0.9331216750518799,1.0,0.28641479405043385
N,0.9232004478993682,0.9977502957763784,0.32996446055545103,0.3648993544669847,0.3029189424580303,0.1347292527820197,0.28641479405043385,1.0
