,FAD,MFAD,APWD,bc_shannon,pielou,shannon,simpson,N
FAD,1.0,0.9305110603849955,0.21368956780622672,0.17920800468497983,0.04583127441602517,0.22034143201116907,0.16033752174103771,0.9247264654078348
MFAD,0.9305110603849955,1.0,0.3477193322819185,0.29738781685295873,0.12252028539400446,0.3617594733719142,0.28294659492899343,0.9980717961001722
APWD,0.21368956780622672,0.3477193322819185,1.0,0.5526243972208443,0.5223214341780658,0.590685196608136,0.5632891024263729,0.33717122175185205
bc_shannon,0.17920800468497983,0.29738781685295873,0.5526243972208443,1.0,0.8538074322398373,0.9641886866878363,0.892039527911514,0.28179650116186944
pielou,0.04583127441602517,0.12252028539400446,0.5223214341780658,0.8538074322398373,1.0,0.8639906843087686,0.8806385337783063,0.1100860077826102
shannon,0.22034143201116907,0.3617594733719142,0.590685196608136,0.9641886866878363,0.8639906843087686,1.0,0.9422101118618841,0.34640108610899795
simpson,0.16033752174103771,0.28294659492899343,0.5632891024263729,0.892039527911514,0.8806385337783063,0.9422101118618841,1.0,0.26884213220529785
N,0.9247264654078348,0.9980717961001722,0.33717122175185205,0.28179650116186944,0.1100860077826102,0.34640108610899795,0.26884213220529785,1.0
