,FAD,MFAD,APWD,H,Hbc,J,G,N
FAD,1.0,0.926975898340086,0.1914190192212248,0.21646384064979957,0.17903739332674262,0.049225582420636745,0.15669817674333497,0.9209813429724039
MFAD,0.926975898340086,1.0,0.33559529854947556,0.37286305274816955,0.3167396002017641,0.13954115190303937,0.2953905850039654,0.9979450676812986
APWD,0.1914190192212248,0.33559529854947556,1.0,0.5910145620908583,0.5953434310681226,0.5366875616796788,0.5775464176606515,0.33473243614308723
H,0.21646384064979957,0.37286305274816955,0.5910145620908583,1.0,0.9654355607832065,0.8713808764629289,0.9838011806930841,0.3598933442174264
Hbc,0.17903739332674262,0.3167396002017641,0.5953434310681226,0.9654355607832065,1.0,0.8520328202788706,0.9475623147940926,0.3045412886046724
J,0.049225582420636745,0.13954115190303937,0.5366875616796788,0.8713808764629289,0.8520328202788706,1.0,0.9332906692877461,0.13027545297055496
G,0.15669817674333497,0.2953905850039654,0.5775464176606515,0.9838011806930841,0.9475623147940926,0.9332906692877461,1.0,0.28231755785722146
N,0.9209813429724039,0.9979450676812986,0.33473243614308723,0.3598933442174264,0.3045412886046724,0.13027545297055496,0.28231755785722146,1.0
