,Bio1,Bio4,Bio10,Bio11,Bio12,Bio15,Bio16,Bio17,Brkl Elevation,Elevation,Slope,Soil Nitrogen,Soil pH,Soil Depth,Soil OCS,Soil Water Cap,Latitude,Longitude
0,0.2130943704525838,-0.2937011571094159,0.0850634594970291,0.2612770361937194,0.37992144373902575,-0.2635834442131153,0.30902078449739584,0.3415910337552265,-0.17908215196966992,-0.17593546869215146,0.004293804461980609,0.21092587193108367,-0.32732951684119843,-0.09877436330529825,0.25731809452190346,0.2669444453754982,-0.039179699722211726,0.05826046033827785
1,0.34889942512607997,-0.14373718976938354,0.3733985700995348,0.29597114946611325,-0.09003620249904208,0.13288993697309356,-0.05365316595149292,-0.11885107533532992,-0.3088719549931731,-0.31427573406550713,-0.36096244383889087,-0.27571016159024164,0.011197311648726819,0.22175411052824665,-0.28598168099290844,-0.20687259364839725,-0.11585511461369423,-0.005228678443761296
2,-0.03402533670818862,0.39351335782545066,0.24654592620564814,-0.17094212471198306,-0.0953239634520632,-0.2049660598840153,-0.1794463151985891,0.039178230986813896,-0.3445041188318886,-0.3460943083537386,-0.08546679285566508,0.19588041713847232,0.21588210183836276,-0.17906435517637193,0.024767617388474498,0.24527872906613832,0.47999056372292886,0.1231930496793116
3,0.1321872436291272,-0.011484375472194764,0.17223305505427533,0.09424244026914663,0.13522510743129967,0.4485568931013415,0.38024135473083653,-0.20624523363095146,0.12296810211769993,0.12275705031099751,0.20217628063881674,0.10063583476191208,0.068820803052639,0.37838015200058983,-0.0017172115250266354,0.1876408264133456,0.5220031551740334,0.020943889642640268
4,-0.08029577724294448,0.20837531238168297,0.026066083854738707,-0.14196902289038157,0.11345790219831012,0.07239252151727871,0.184155163555726,0.10108255004215774,-0.03464196463445201,-0.030445422533474684,0.08249069012683476,-0.1876753469225604,-0.04896269898209691,0.10137309455877251,-0.023719607705273565,-0.121779299983956,-0.18264357246209117,0.8726250125418001
5,-0.22292383548053324,0.17421227577385073,-0.15235088399510535,-0.20939244583326097,0.135633394091481,-0.31132409520284865,0.042912420896813894,0.09358520514346459,-0.06382126796537553,-0.06619367038195936,-0.20748900076894547,0.05541324837696351,-0.3666623680360229,0.6326195777763174,-0.05831993178960982,-0.2689621786274119,0.17991423293771147,-0.17217256080540472
6,0.08813530976414116,-0.2755290992178092,-0.061327338892440034,0.1740392264468128,-0.22262634510282334,-0.18497922400512604,-0.4350692637886573,0.045320069106813306,0.067381905950418,0.06940944069694956,0.04415805068535115,0.23416868323546286,0.30080699636699504,0.5176262128334078,0.25390473290182664,0.20729980138895288,-0.08161041530281152,0.2616877690131255
7,0.12294678615006714,-0.059380188510642196,0.13836491469925302,0.11332607825676563,0.15654101391247138,-0.2896634240878586,-0.12683004666108988,0.47653405219792044,0.318957610708146,0.3061944951096346,-0.03164947376983077,-0.33196821084550854,0.1700195562048354,-0.06300393477485082,-0.36062562630130607,-0.03704542964604555,0.35313073689073954,0.04577774709080393
8,-0.015762236084859663,0.12316778614553016,0.056875667979195084,-0.06185897160809956,0.24479658587888808,0.04682386558988547,0.2524846024276246,0.32260140539704574,-0.1144659365663675,-0.09837369338232686,0.14470615440102502,0.2681347578954125,0.6356919476269373,0.13241774903971001,-0.06987745659355482,-0.272911099624082,-0.2919877363458797,-0.21379209215839742
9,0.10517303542025125,-0.07952383163813131,0.09553322724536416,0.10680082930635246,-0.09031395304355994,-0.1987960987305836,-0.15368377210904224,-0.106658331375209,-0.15252491256735554,-0.1184916408446647,0.790129366898885,0.05108745477852346,-0.18573732203280982,-0.02453217070005016,-0.1311080799367533,-0.38724524377350605,0.11376564616471442,0.0009515563580081169
10,0.08750518099994997,-0.09204151204764925,0.033011267117625163,0.08897499688846251,-0.052446172344013914,0.09584693027257295,-0.04863196132850523,-0.021014426648931512,0.1741865326984144,0.13910783850831754,-0.31530910042718224,0.6800066963370085,-0.11055844263168384,-0.21735038593266817,-0.1484766485272809,-0.44096922613681816,0.1455333999823504,0.2268405218436802
11,0.1117127642712028,0.1089619146260784,0.20486393817045684,0.027133948437813672,-0.02491866502967106,0.07465674016767179,-0.05019818956851801,0.11299616897234803,0.08156569724392708,0.05348316634463328,-0.07749291017343979,-0.23917984028975814,0.03737244137706487,-0.053763352176002595,0.7778611303150367,-0.44449041397313793,0.16821912238981626,-0.059240341711228835
12,0.1974217717857511,0.4573208518653795,0.5596815520258316,-0.05779685360061504,-0.03075400969257788,-0.04191849019828117,-0.10906491673079202,0.02816738959643309,0.26855447447150843,0.19695992190299266,0.08593220772370513,0.17841663547602085,-0.261979998377194,0.11046091414689396,-0.021295924407222597,0.19628512596541986,-0.36820504374236424,-0.11993259995808278
13,-0.06344152516442572,-0.002825742511475257,-0.09734349209929082,-0.04580175550449869,-0.1447428228789206,0.6017247058632375,-0.3058934751918977,0.6222365925440938,-0.14209979256842833,-0.10416435076707942,0.09844549882963066,0.03907909648727931,-0.2530439458497338,0.046652675713055404,-0.05350047049717821,0.06272684834145752,0.03715115353535303,-0.06304917396135316
14,-0.010324404234019502,0.017962938249944386,-0.009634058247954005,-0.022712132221476108,0.7792506403093127,0.16526513944652108,-0.5287089817039532,-0.2443714179774261,-0.12595522377380633,0.08801196971241027,-0.0067753635258468664,-0.000982431789232985,0.011523842145975807,-0.0256424823887286,0.015551676231530913,-0.008946312023886648,-0.013481337351777773,0.014687073874689035
15,0.0309010942980744,0.027448329625765835,0.02762477688237838,0.002747237932528574,-0.11934466828372838,-0.038147215711322034,0.08037969768715336,0.025567298464385255,-0.6675433604981021,0.7265003835534578,-0.030077193697247335,0.01206537609632503,-0.011445209211786607,0.0014406249701861868,0.008386613312346457,0.0005986298648141019,-0.0054714203070771955,-0.0026905144743324255
16,0.7011660127413352,0.417795466005562,-0.5715225726568351,0.07759366594023755,0.00030539190552761943,-0.015419119893392159,-0.0020361578571711824,-0.0011198912875641364,0.00472381250563446,-0.019941631971717548,0.002027754416053942,-0.005732840948816011,0.002176375994232704,0.010896221430601526,-0.009133896694680134,0.00699944724541156,0.013704309905895145,-0.003232252366761126
17,-0.4099517665009275,0.39782403135218003,-0.1022685994191865,0.8142674598760635,0.004402561742931008,0.007493015372825027,-0.00099700234157144,-0.0013988364152248047,0.0008480077264883062,0.00515239630515687,0.0002263594590443205,0.002364340223858515,-0.0016510839483334092,-0.004281213215804053,0.002515394628062238,-0.000637595076624451,-0.006570216866319365,0.0016982328603788548
