,H_Rare,Hbc_Rare,G_Rare,J_Rare,FAD_Rare,MFAD_Rare,APWD_Rare
H_Rare,1.0,0.9733475203072691,0.9891008623624364,0.8560769149743306,0.3445837868534381,0.36798679817604774,0.40729825161320854
Hbc_Rare,0.9733475203072691,1.0,0.9336928927229677,0.7419309041448048,0.43035625689821255,0.4511701963633921,0.48459517510582983
G_Rare,0.9891008623624364,0.9336928927229677,1.0,0.9172190070848364,0.30195539041402253,0.3258719416970328,0.36639030563565833
J_Rare,0.8560769149743306,0.7419309041448048,0.9172190070848364,1.0,0.20744724537104178,0.2280004457600132,0.26246715954697347
FAD_Rare,0.3445837868534381,0.43035625689821255,0.30195539041402253,0.20744724537104178,1.0,0.9981812380831708,0.9851039826825289
MFAD_Rare,0.36798679817604774,0.4511701963633921,0.3258719416970328,0.2280004457600132,0.9981812380831708,1.0,0.9927481562785756
APWD_Rare,0.40729825161320854,0.48459517510582983,0.36639030563565833,0.26246715954697347,0.9851039826825289,0.9927481562785756,1.0
