,H_Rare,Hbc_Rare,G_Rare,J_Rare,FAD_Rare,MFAD_Rare,APWD_Rare
H_Rare,0.0,3.0752731971175967e-218,2.717458508770731e-283,6.621399928019195e-99,6.510361116827167e-11,2.4214954730484462e-12,5.1006328448933244e-15
Hbc_Rare,3.0752731971175967e-218,0.0,8.126625590281284e-153,1.2116306776168516e-60,9.223997043605231e-17,1.8764110994594615e-18,2.0070894340680533e-21
G_Rare,2.717458508770731e-283,8.126625590281284e-153,0.0,3.769165065121549e-137,1.343693734666834e-08,7.484935172101164e-10,3.0574388526664168e-12
J_Rare,6.621399928019195e-99,1.2116306776168516e-60,3.769165065121549e-137,0.0,0.00011665665275519685,2.1890920232852717e-05,9.194096726436659e-07
FAD_Rare,6.510361116827167e-11,9.223997043605231e-17,1.343693734666834e-08,0.00011665665275519685,0.0,0.0,1.6514637174751378e-260
MFAD_Rare,2.4214954730484462e-12,1.8764110994594615e-18,7.484935172101164e-10,2.1890920232852717e-05,0.0,0.0,4.608363458e-313
APWD_Rare,5.1006328448933244e-15,2.0070894340680533e-21,3.0574388526664168e-12,9.194096726436659e-07,1.6514637174751378e-260,4.608363458e-313,0.0
