,H,Hbc,G,J,FAD,MFAD,APWD
H,1.0,0.994880475216957,0.9483770056153566,0.58671134038245,0.5787578801845569,0.5838679401973069,0.6817309171911982
Hbc,0.994880475216957,1.0,0.9514261882255814,0.6058625397825668,0.5423612586801103,0.5477589255837015,0.6693610730484865
G,0.9483770056153566,0.9514261882255814,1.0,0.7294455720751417,0.41629967783143185,0.4231030157811305,0.6035271840415424
J,0.58671134038245,0.6058625397825668,0.7294455720751417,1.0,-0.10219570458192583,-0.0958860612633209,0.18251649312552362
FAD,0.5787578801845569,0.5423612586801103,0.41629967783143185,-0.10219570458192583,1.0,0.9998049036058942,0.8148003971539741
MFAD,0.5838679401973069,0.5477589255837015,0.4231030157811305,-0.0958860612633209,0.9998049036058942,1.0,0.8216831170480664
APWD,0.6817309171911982,0.6693610730484865,0.6035271840415424,0.18251649312552362,0.8148003971539741,0.8216831170480664,1.0
