,H,Hbc,G,J,FAD,MFAD,APWD
H,0.0,0.0,1.2169492003671718e-170,7.894499896578996e-33,8.577495621786722e-32,1.866313428582156e-32,8.456701701634901e-48
Hbc,0.0,0.0,5.371936713260599e-175,1.9133246582872605e-35,2.1461556231906485e-27,5.164539384366295e-28,1.5551101488185985e-45
G,1.2169492003671718e-170,5.371936713260599e-175,0.0,1.0723894317949319e-57,1.1045373427159224e-15,3.3696860364241114e-16,4.07594519458666e-35
J,7.894499896578996e-33,1.9133246582872605e-35,1.0723894317949319e-57,0.0,0.05978346611834918,0.07746119193263676,0.0007209363929280086
FAD,8.577495621786722e-32,2.1461556231906485e-27,1.1045373427159224e-15,0.05978346611834918,0.0,0.0,4.997029229294534e-82
MFAD,1.866313428582156e-32,5.164539384366295e-28,3.3696860364241114e-16,0.07746119193263676,0.0,0.0,1.5605545574028671e-84
APWD,8.456701701634901e-48,1.5551101488185985e-45,4.07594519458666e-35,0.0007209363929280086,4.997029229294534e-82,1.5605545574028671e-84,0.0
