,FAD,MFAD,APWD,H,Hbc,J,G,N
FAD,1.0,0.9178855353022177,0.25707406436014346,0.25395799403560215,0.24541089178145153,0.006194199983811655,0.21668510312520445,0.9184841167268426
MFAD,0.9178855353022177,1.0,0.4343294281376441,0.43096106951714835,0.4133979664971946,-0.02728126913788533,0.35066681129989796,0.9998819708329502
APWD,0.25707406436014346,0.4343294281376441,1.0,0.741050974864677,0.7293913795096051,0.0676843494603941,0.7041229288383088,0.4330010527249515
H,0.25395799403560215,0.43096106951714835,0.741050974864677,1.0,0.9941486938675932,0.44263211923091933,0.9564780590881626,0.42904691232784925
Hbc,0.24541089178145153,0.4133979664971946,0.7293913795096051,0.9941486938675932,1.0,0.4594696726169361,0.9580305425612547,0.4110619346457636
J,0.006194199983811655,-0.02728126913788533,0.0676843494603941,0.44263211923091933,0.4594696726169361,1.0,0.6483457819818407,-0.03553160061976093
G,0.21668510312520445,0.35066681129989796,0.7041229288383088,0.9564780590881626,0.9580305425612547,0.6483457819818407,1.0,0.3467050844469155
N,0.9184841167268426,0.9998819708329502,0.4330010527249515,0.42904691232784925,0.4110619346457636,-0.03553160061976093,0.3467050844469155,1.0
