,FAD,MFAD,APWD,H,Hbc,J,G,N
FAD,1.0,0.9178855353022175,0.2570740643601434,0.2539579940356025,0.24541089178145128,0.02648529607381284,0.2166851031252046,0.9184841167268424
MFAD,0.9178855353022175,1.0,0.43432942813764464,0.43096106951714896,0.41339796649719396,0.02439332136560047,0.3506668112998981,0.9998819708329502
APWD,0.2570740643601434,0.43432942813764464,1.0,0.7410509748646776,0.7293913795096053,0.3364737531961988,0.7041229288383097,0.4330010527249513
H,0.2539579940356025,0.43096106951714896,0.7410509748646776,1.0,0.9941486938675942,0.581758523896193,0.9564780590881625,0.4290469123278505
Hbc,0.24541089178145128,0.41339796649719396,0.7293913795096053,0.9941486938675942,1.0,0.601014637069491,0.9580305425612545,0.4110619346457633
J,0.02648529607381284,0.02439332136560047,0.3364737531961988,0.581758523896193,0.601014637069491,1.0,0.7438926802128869,0.018421156223094825
G,0.2166851031252046,0.3506668112998981,0.7041229288383097,0.9564780590881625,0.9580305425612545,0.7438926802128869,1.0,0.34670508444691583
N,0.9184841167268424,0.9998819708329502,0.4330010527249513,0.4290469123278505,0.4110619346457633,0.018421156223094825,0.34670508444691583,1.0
