,H,Hbc,G,J,FAD,MFAD,APWD
H,1.0,0.9952663978043854,0.9521245032230162,0.5211586797972723,0.6092946210506937,0.6142687417561961,0.7048541740376267
Hbc,0.9952663978043854,1.0,0.9549621803025915,0.5394717424002661,0.5754339257586369,0.5806845288732666,0.6932433365536109
G,0.9521245032230162,0.9549621803025915,1.0,0.662404450822913,0.4558696631743213,0.46231218736475566,0.6315390688012954
J,0.5211586797972723,0.5394717424002661,0.662404450822913,1.0,-0.1392263404454844,-0.1331709883731225,0.1359378467979631
FAD,0.6092946210506937,0.5754339257586369,0.4558696631743213,-0.1392263404454844,1.0,0.9998285867719672,0.826943539842613
MFAD,0.6142687417561961,0.5806845288732666,0.46231218736475566,-0.1331709883731225,0.9998285867719672,1.0,0.833113561833051
APWD,0.7048541740376267,0.6932433365536109,0.6315390688012954,0.1359378467979631,0.826943539842613,0.833113561833051,1.0
