,H,Hbc,G,J,FAD,MFAD,APWD
H,1.0,0.994880475216957,0.9483770056153566,0.58671134038245,0.5812037600173907,0.5865373107351256,0.6842647277932064
Hbc,0.994880475216957,1.0,0.9514261882255814,0.6058625397825668,0.5448962905428015,0.5505263022913293,0.6719480084902043
G,0.9483770056153566,0.9514261882255814,1.0,0.7294455720751417,0.41836360838566433,0.42523961134600025,0.606441722661469
J,0.58671134038245,0.6058625397825668,0.7294455720751417,1.0,-0.10082209162874652,-0.09449718255160437,0.18336099488780278
FAD,0.5812037600173907,0.5448962905428015,0.41836360838566433,-0.10082209162874652,1.0,0.9998162002672119,0.8148315393013901
MFAD,0.5865373107351256,0.5505263022913293,0.42523961134600025,-0.09449718255160437,0.9998162002672119,1.0,0.8214376436507879
APWD,0.6842647277932064,0.6719480084902043,0.606441722661469,0.18336099488780278,0.8148315393013901,0.8214376436507879,1.0
