,H,Hbc,G,FAD,MFAD,APWD
H,1.0,0.9952663978043854,0.9521245032230162,0.6092946210506937,0.6142687417561961,0.7136013826971398
Hbc,0.9952663978043854,1.0,0.9549621803025915,0.5754339257586369,0.5806845288732666,0.6928523887186658
G,0.9521245032230162,0.9549621803025915,1.0,0.4558696631743213,0.46231218736475566,0.6274046459583223
FAD,0.6092946210506937,0.5754339257586369,0.4558696631743213,1.0,0.9998285867719672,0.8696536228413536
MFAD,0.6142687417561961,0.5806845288732666,0.46231218736475566,0.9998285867719672,1.0,0.8753296216579759
APWD,0.7136013826971398,0.6928523887186658,0.6274046459583223,0.8696536228413536,0.8753296216579759,1.0
